# Created by Octave 8.3.0, Mon Nov 06 19:42:01 2023 IST <chandra@maruti>
# name: p
# type: matrix
# rows: 12
# columns: 1
 0
 0.10000000000000001
 0.20000000000000001
 0.30000000000000004
 0.40000000000000002
 0.5
 0.60000000000000009
 0.70000000000000007
 0.80000000000000004
 0.90000000000000002
 1
 1.1000000000000001


# name: q
# type: matrix
# rows: 12
# columns: 9
 1 0 0 0 0 0 0 0 0
 1 0.10000000000000001 0.010000000000000002 0.00010000000000000002 1.0000000000000005e-08 1.0000000000000008e-16 1.0000000000000071e-128 0 0
 1 0.20000000000000001 0.040000000000000008 0.0016000000000000003 2.5600000000000013e-06 6.5536000000000055e-12 3.4028236692094088e-90 0 0
 1 0.30000000000000004 0.090000000000000024 0.0081000000000000048 6.5610000000000071e-05 4.30467210000001e-09 1.1790184577738807e-67 1.932334983229038e-268 0
 1 0.40000000000000002 0.16000000000000003 0.025600000000000005 0.00065536000000000034 4.2949672960000036e-07 1.1579208923731702e-51 1.7976931348623672e-204 0
 1 0.5 0.25 0.0625 0.00390625 1.52587890625e-05 2.9387358770557188e-39 7.4583407312002067e-155 5.5626846462680035e-309
 1 0.60000000000000009 0.3600000000000001 0.12960000000000008 0.016796160000000018 0.00028211099074560065 4.0119919145477066e-29 2.590837631144379e-114 6.712439630953818e-228
 1 0.70000000000000007 0.4900000000000001 0.24010000000000009 0.057648010000000041 0.0033232930569601052 1.4878156471976297e-20 4.9000045951052629e-80 2.4010045032052692e-159
 1 0.80000000000000004 0.64000000000000012 0.40960000000000008 0.16777216000000009 0.028147497671065624 3.9402006196394759e-13 2.4103124269211013e-50 5.8096059953702879e-100
 1 0.90000000000000002 0.81000000000000005 0.65610000000000002 0.4304672100000001 0.18530201888518416 1.3900845237714517e-06 3.7339184874102478e-24 1.394214727062403e-47
 1 1 1 1 1 1 1 1 1
 1 1.1000000000000001 1.2100000000000002 1.4641000000000004 2.1435888100000016 4.594972986357222 198730.12250342249 1.5597493058032383e+21 2.4328178969536841e+42


